url_path,views_total,views_unique
/jongpie/NebulaLogger,1501,815
/jongpie/NebulaLogger/tree/main/nebula-logger,327,91
/jongpie/NebulaLogger/wiki/Architecture,201,129
/jongpie/NebulaLogger/tree/main/nebula-logger/core/main,146,49
/jongpie/NebulaLogger/tree/main/nebula-logger/core,136,51
/jongpie/NebulaLogger/tree/main/nebula-logger/managed-package,77,22
/jongpie/NebulaLogger/tree/main/nebula-logger/core/main/log-management,72,21
/jongpie/NebulaLogger/tree/main/nebula-logger/managed-package/core/main,72,21
/jongpie/NebulaLogger/issues,68,37
/jongpie/NebulaLogger/tree/main/nebula-logger/core/main/configuration,68,21
